4294967278,550
4294967278,316
4294967278,132
4294967278,131
4294967278,130
4294967278,129
4294967278,128
4294967278,127
4294967278,126
4294967278,125
4294967278,124
4294967278,123
4294967278,122
4294967278,121
4294967278,120
4294967278,119
4294967278,118
4294967278,117
4294967278,116
4294967278,115
4294967278,114
4294967278,113
4294967278,112
4294967278,111
4294967278,110
4294967278,109
4294967278,108
4294967278,107
4294967278,106
4294967278,105
4294967278,104
4294967278,103
4294967278,102
4294967278,101
4294967278,100
4294967278,99
4294967278,98
4294967278,97
4294967278,96
4294967278,95
4294967278,94
4294967278,93
4294967278,92
4294967278,91
4294967278,90
4294967278,89
4294967278,87
4294967278,86
4294967278,85
4294967278,84
4294967278,83
4294967278,82
4294967278,81
4294967278,80
4294967278,79
4294967278,78
4294967278,77
4294967278,76
4294967278,75
4294967278,74
4294967278,73
4294967278,72
4294967278,71
4294967278,70
4294967278,69
4294967278,68
4294967278,67
4294967278,66
4294967278,65
4294967278,64
4294967278,63
4294967278,62
4294967278,61
4294967279,81
4294967279,80
4294967279,78
4294967279,77
4294967279,76
4294967279,74
4294967279,72
4294967279,71
4294967279,70
4294967279,68
4294967279,67
4294967279,65
4294967279,63
4294967279,41
4294967279,36
4294967279,34
4294967279,29
4294967279,27
4294967279,21
4294967279,15
4294967279,14
4294967279,8
4294967279,7
4294967279,6
4294967279,133
4294967278,60
4294967278,311
4294967278,142
4294967279,59
4294967279,192
213,11
213,10
213,9
213,8
4294967278,222
213,7
213,6
4294967279,356
4294967278,276
4294967278,293
4294967279,56
4294967279,225
4294967278,560
213,5
4294967279,185
213,4
4294967278,570
213,3
213,2
213,1
4294967278,219
4294967279,212
4294967294,484
4294967278,571
4294967279,53
4294967279,353
4294967278,263
4294967278,273
4294967279,52
4294967279,194
212,14
212,13
212,12
212,11
212,10
212,9
212,8
212,7
212,6
4294967279,51
212,5
4294967278,257
4294967279,209
4294967279,166
4294967278,265
4294967279,208
212,4
4294967278,262
212,3
212,2
212,1
4294967278,301
4294967278,191
4294967278,290
4294967278,558
4294967278,183
4294967279,45
4294967279,359
211,22
211,21
211,20
211,19
211,18
211,17
211,16
211,15
211,14
211,13
211,12
211,11
211,10
211,9
211,8
211,7
211,6
211,5
4294967279,308
4294967278,565
211,4
4294967278,289
211,3
211,2
211,1
4294967278,553
4294967279,332
4294967278,188
4294967278,236
4294967278,184
4294967278,288
4294967278,155
4294967279,163
4294967294,173
4294967294,401
4294967294,964
4294967278,177
4294967279,161
210,5
4294967278,176
210,4
4294967279,160
210,3
210,2
210,1
4294967279,211
4294967278,185
4294967294,954
4294967279,182
4294967278,539
4294967279,188
4294967279,306
4294967279,238
4294967278,194
209,8
209,7
4294967278,217
209,6
209,5
4294967279,156
4294967278,278
4294967278,312
4294967279,336
4294967278,172
209,4
4294967279,151
209,3
209,2
209,1
4294967279,138
4294967278,171
4294967279,150
4294967278,137
4294967279,24
4294967279,25
4294967279,263
4294967278,258
208,15
208,14
208,13
208,12
208,11
208,10
208,9
208,8
208,7
208,6
208,5
4294967278,545
4294967278,166
4294967278,554
208,4
4294967279,338
208,3
208,2
208,1
4294967279,271
4294967278,555
4294967279,301
4294967278,180
4294967279,18
4294967279,309
4294967279,327
4294967279,19
4294967278,544
4294967278,215
4294967279,232
4294967278,163
4294967278,161
4294967279,135
4294967278,160
207,6
4294967279,382
207,5
4294967278,159
207,4
4294967279,381
207,3
207,2
207,1
4294967279,12
4294967278,158
4294967279,329
4294967278,277
4294967294,89
4294967279,278
4294967279,180
4294967279,11
4294967279,340
4294967278,541
4294967279,5
4294967278,567
4294967279,305
4294967278,568
206,6
4294967279,318
206,5
4294967278,280
206,4
4294967279,378
206,3
206,2
206,1
4294967279,257
4294967278,156
4294967294,1417
4294967294,178
4294967294,385
4294967294,167
4294967294,465
4294967294,116
4294967294,453
4294967279,377
4294967278,536
4294967279,333
4294967279,373
4294967279,4
4294967279,275
4294967278,535
4294967278,204
4294967279,146
4294967278,151
4294967294,17
4294967294,76
4294967294,41
4294967278,150
4294967279,370
4294967278,148
205,4
4294967279,375
205,3
205,2
205,1
4294967279,253
4294967278,533
4294967294,50
4294967294,426
4294967294,907
0,5
4294967294,953
4294967294,955
4294967294,1
4294967294,483
4294967294,2
4294967294,0
4294967279,179
4294967278,189
4294967294,91
4294967294,87
4294967294,28
4294967294,924
4294967294,27
4294967294,96
4294967294,94
4294967294,93
4294967294,95
4294967279,296
4294967279,344
4294967278,255
4294967294,67
4294967294,43
4294967294,52
4294967294,26
4294967294,1416
4294967294,83
4294967294,51
4294967294,25
4294967294,84
4294967279,304
4294967294,7
4294967278,144
4294967279,369
204,10
4294967278,141
204,9
4294967279,368
204,8
4294967278,138
204,7
4294967279,328
204,6
4294967278,136
204,5
4294967279,367
204,4
4294967278,135
204,3
204,2
204,1
4294967278,245
4294967279,366
4294967294,470
4294967294,923
4294967278,133
4294967279,245
4294967278,139
4294967278,243
4294967279,243
4294967293,131
4294967293,130
4294967293,129
4294967293,128
4294967293,127
4294967293,126
4294967293,125
4294967293,124
4294967293,123
4294967293,122
4294967293,121
4294967293,120
4294967293,119
4294967293,118
4294967293,117
4294967293,116
4294967293,115
4294967293,114
4294967293,113
4294967293,112
4294967293,111
4294967293,110
4294967293,109
4294967293,108
4294967293,107
4294967293,106
4294967293,105
4294967293,104
4294967293,103
4294967293,102
4294967293,101
4294967293,100
4294967293,99
4294967293,98
4294967293,97
4294967293,96
4294967293,95
4294967293,94
4294967293,93
4294967293,92
4294967293,91
4294967293,90
4294967293,89
4294967293,87
4294967293,86
4294967293,85
4294967293,84
4294967293,83
4294967293,82
4294967293,81
4294967293,80
4294967293,79
4294967293,78
4294967293,77
4294967293,76
4294967293,75
4294967293,74
4294967293,73
4294967293,72
4294967293,71
4294967293,70
4294967293,69
4294967293,68
4294967293,67
4294967293,66
4294967293,65
4294967293,64
4294967293,63
4294967293,62
4294967293,61
4294967293,60
4294967293,59
4294967293,58
4294967293,57
4294967293,56
4294967293,55
4294967293,54
4294967293,53
4294967293,52
4294967293,51
4294967293,50
4294967293,49
4294967293,48
4294967293,47
4294967293,46
4294967293,45
4294967293,44
4294967293,43
4294967293,42
4294967293,41
4294967293,40
4294967293,39
4294967293,38
4294967293,37
4294967293,36
4294967293,35
4294967293,34
4294967293,33
4294967293,32
4294967293,31
4294967293,30
4294967293,29
4294967293,28
4294967293,27
4294967293,26
4294967293,25
4294967293,24
4294967293,23
4294967293,22
4294967293,21
4294967293,20
4294967293,19
4294967293,18
4294967293,17
4294967293,16
4294967293,15
4294967293,14
4294967293,13
4294967293,12
4294967293,11
4294967293,10
4294967293,9
4294967293,8
4294967293,7
4294967293,6
4294967293,5
4294967293,4
4294967293,3
4294967279,90
4294967279,89
4294967279,87
4294967279,86
4294967279,85
4294967279,84
203,17
203,16
203,15
203,14
203,13
203,12
203,11
203,10
203,9
203,8
203,6
203,5
203,4
31,4
4294967294,21
4294967294,901
4294967294,97
4294967294,74
4294967294,104
4294967294,106
4294967294,164
4294967294,183
4294967294,163
4294967294,1415
4294967294,450
4294967294,415
4294967294,423
4294967278,239
4294967279,200
4294967278,315
4294967279,155
4294967278,235
4294967279,363
4294967278,253
4294967279,362
4294967278,250
203,7
4294967278,248
4294967279,326
4294967278,246
203,3
203,2
203,1
4294967278,227
4294967279,361
4294967279,227
4294967278,225
202,0
4294967279,405
4294967279,404
4294967279,403
4294967279,402
4294967279,401
4294967279,400
4294967279,399
4294967279,398
4294967279,397
4294967279,396
4294967279,395
4294967279,394
4294967279,360
4294967278,223
4294967279,223
4294967279,221
202,203
202,202
202,201
202,200
202,199
202,198
202,197
202,196
202,195
202,194
202,193
202,192
202,191
202,190
202,189
202,188
202,187
202,186
202,185
202,184
202,183
202,182
202,181
202,180
202,179
202,178
202,177
202,176
4294967279,358
202,175
202,174
202,173
202,172
202,171
202,170
202,169
202,168
202,167
202,166
202,165
202,164
202,163
202,162
202,161
202,160
202,159
202,158
202,157
202,156
202,155
202,154
202,153
202,152
202,151
202,150
202,149
202,148
202,147
202,146
202,145
202,144
202,143
202,142
202,141
202,140
202,139
202,138
202,137
202,136
202,135
202,134
202,133
202,132
202,131
202,130
202,129
202,128
202,127
202,126
202,125
202,124
202,123
202,122
202,121
202,120
202,119
202,118
202,117
202,116
202,115
202,114
202,113
202,112
202,111
202,110
202,109
202,108
202,107
202,106
202,105
202,104
4294967278,244
202,103
202,102
202,101
202,100
202,99
202,98
202,97
202,96
202,95
202,94
202,93
202,92
202,91
202,90
202,89
202,88
202,87
202,86
202,85
202,84
202,83
202,82
202,81
202,80
202,79
202,78
202,77
202,76
